0 100
0 100
0 1
0 1
0 101
0 101
0 102
0 102
0 103
0 103
1 2
1 2
1 3
1 3
1 104
1 104
2 105
2 105
2 106
2 106
2 107
2 107
2 108
2 108
2 109
2 109
2 110
2 110
2 111
2 111
2 112
2 112
2 113
2 113
2 114
2 114
2 104
2 104
2 115
2 115
3 116
3 116
3 117
3 117
3 4
3 4
3 102
3 102
3 118
3 118
3 5
3 5
3 119
3 119
3 120
3 120
3 121
3 121
4 6
4 6
5 122
5 122
6 7
6 7
6 123
6 123
6 124
6 124
7 125
7 125
7 126
7 126
7 127
7 127
7 128
7 128
7 129
7 129
7 130
7 130
7 78
7 78
7 79
7 79
7 131
7 131
7 132
7 132
7 133
7 133
7 134
7 134
7 135
7 135
7 136
7 136
7 137
7 137
7 138
7 138
7 139
7 139
7 140
7 140
7 141
7 141
7 142
7 142
7 143
7 143
7 144
7 144
7 123
7 123
7 145
7 145
7 146
7 146
7 147
7 147
7 148
7 148
7 149
7 149
7 150
7 150
7 151
7 151
7 152
7 152
7 153
7 153
7 22
7 22
7 154
7 154
7 155
7 155
7 156
7 156
7 157
7 157
7 158
7 158
7 159
7 159
7 160
7 160
7 161
7 161
7 162
7 162
7 163
7 163
7 164
7 164
7 8
7 8
7 165
7 165
7 166
7 166
7 167
7 167
7 168
7 168
7 169
7 169
7 170
7 170
7 171
7 171
7 19
7 19
7 172
7 172
7 173
7 173
7 174
7 174
7 175
7 175
7 176
7 176
7 177
7 177
7 178
7 178
7 179
7 179
7 180
7 180
7 181
7 181
7 182
7 182
7 183
7 183
7 99
7 99
7 184
7 184
7 185
7 185
7 186
7 186
7 187
7 187
7 188
7 188
7 189
7 189
7 190
7 190
7 191
7 191
7 192
7 192
7 21
7 21
7 193
7 193
7 12
7 12
7 10
7 10
7 194
7 194
7 195
7 195
7 20
7 20
7 196
7 196
7 197
7 197
7 198
7 198
7 199
7 199
7 200
7 200
7 201
7 201
7 202
7 202
7 203
7 203
7 204
7 204
7 205
7 205
7 206
7 206
8 9
8 9
8 207
8 207
8 208
8 208
8 209
8 209
9 11
9 11
9 210
9 210
9 211
9 211
9 208
9 208
9 212
9 212
9 10
9 10
9 194
9 194
9 213
9 213
9 196
9 196
9 197
9 197
10 214
10 214
10 99
10 99
10 208
10 208
10 212
10 212
10 194
10 194
10 215
10 215
10 196
10 196
10 197
10 197
11 12
11 12
11 195
11 195
11 216
11 216
12 217
12 217
12 218
12 218
12 219
12 219
12 177
12 177
12 207
12 207
12 220
12 220
12 212
12 212
12 195
12 195
12 221
12 221
12 213
12 213
12 196
12 196
12 222
12 222
12 13
12 13
13 223
13 223
13 224
13 224
13 177
13 177
13 180
13 180
13 225
13 225
13 226
13 226
13 216
13 216
13 227
13 227
13 228
13 228
13 14
13 14
13 229
13 229
14 15
14 15
15 16
15 16
15 19
15 19
16 17
16 17
16 230
16 230
16 157
16 157
16 170
16 170
16 19
16 19
17 230
17 230
17 231
17 231
17 19
17 19
17 232
17 232
17 18
17 18
17 233
17 233
17 234
17 234
17 235
17 235
18 236
18 236
18 237
18 237
18 238
18 238
18 239
18 239
18 240
18 240
18 233
18 233
19 241
19 241
19 230
19 230
19 242
19 242
19 170
19 170
19 243
19 243
19 192
19 192
21 142
21 142
22 78
22 78
22 23
22 23
22 244
22 244
22 245
22 245
23 78
23 78
23 246
23 246
23 247
23 247
23 248
23 248
23 249
23 249
23 24
23 24
23 250
23 250
23 244
23 244
23 245
23 245
24 251
24 251
24 252
24 252
24 253
24 253
24 25
24 25
24 254
24 254
25 255
25 255
25 256
25 256
25 100
25 100
25 257
25 257
25 247
25 247
25 249
25 249
25 26
25 26
25 258
25 258
25 259
25 259
25 260
25 260
25 261
25 261
25 262
25 262
25 263
25 263
25 264
25 264
25 265
25 265
25 266
25 266
25 267
25 267
25 268
25 268
25 269
25 269
25 270
25 270
25 271
25 271
25 272
25 272
25 273
25 273
25 274
25 274
25 275
25 275
25 276
25 276
25 277
25 277
26 278
26 278
26 100
26 100
26 279
26 279
26 280
26 280
26 281
26 281
26 282
26 282
26 283
26 283
26 284
26 284
26 285
26 285
26 286
26 286
26 287
26 287
26 288
26 288
26 289
26 289
26 290
26 290
26 291
26 291
26 292
26 292
26 293
26 293
26 27
26 27
26 294
26 294
26 295
26 295
26 296
26 296
26 297
26 297
26 298
26 298
26 299
26 299
26 300
26 300
26 301
26 301
26 302
26 302
26 303
26 303
26 304
26 304
26 305
26 305
27 28
27 28
27 306
27 306
27 307
27 307
27 308
27 308
28 309
28 309
28 310
28 310
28 311
28 311
28 312
28 312
28 313
28 313
28 314
28 314
28 315
28 315
28 316
28 316
28 317
28 317
28 318
28 318
28 319
28 319
28 320
28 320
28 321
28 321
28 322
28 322
28 29
28 29
29 323
29 323
29 309
29 309
29 324
29 324
29 310
29 310
29 325
29 325
29 326
29 326
29 327
29 327
29 328
29 328
29 313
29 313
29 30
29 30
29 329
29 329
29 330
29 330
29 331
29 331
29 332
29 332
29 333
29 333
29 334
29 334
29 33
29 33
29 335
29 335
29 315
29 315
29 294
29 294
29 318
29 318
29 336
29 336
29 337
29 337
29 338
29 338
29 321
29 321
29 322
29 322
30 323
30 323
30 32
30 32
30 309
30 309
30 339
30 339
30 340
30 340
30 341
30 341
30 342
30 342
30 31
30 31
30 343
30 343
30 140
30 140
30 344
30 344
30 345
30 345
30 332
30 332
30 346
30 346
30 347
30 347
30 348
30 348
30 349
30 349
30 350
30 350
31 342
31 342
31 351
31 351
32 323
32 323
32 352
32 352
32 340
32 340
32 312
32 312
32 314
32 314
32 353
32 353
32 354
32 354
32 33
32 33
32 355
32 355
32 356
32 356
32 347
32 347
32 357
32 357
32 350
32 350
33 310
33 310
33 341
33 341
33 358
33 358
33 359
33 359
33 360
33 360
33 333
33 333
33 334
33 334
33 361
33 361
33 362
33 362
33 34
33 34
33 321
33 321
33 322
33 322
34 363
34 363
34 364
34 364
34 279
34 279
34 365
34 365
34 358
34 358
34 359
34 359
34 366
34 366
34 367
34 367
34 368
34 368
34 369
34 369
34 345
34 345
34 370
34 370
34 371
34 371
34 372
34 372
34 334
34 334
34 361
34 361
34 362
34 362
34 373
34 373
34 374
34 374
34 375
34 375
34 335
34 335
34 376
34 376
34 35
34 35
34 377
34 377
34 378
34 378
34 379
34 379
34 380
34 380
34 381
34 381
34 382
34 382
34 383
34 383
34 384
34 384
34 385
34 385
34 386
34 386
34 387
34 387
34 388
34 388
34 389
34 389
34 390
34 390
34 391
34 391
34 392
34 392
34 393
34 393
34 394
34 394
34 395
34 395
34 396
34 396
35 397
35 397
35 77
35 77
35 398
35 398
35 399
35 399
35 400
35 400
35 74
35 74
35 401
35 401
35 402
35 402
35 76
35 76
35 72
35 72
35 73
35 73
35 297
35 297
35 403
35 403
35 36
35 36
36 404
36 404
36 405
36 405
36 37
36 37
36 403
36 403
36 406
36 406
36 407
36 407
36 408
36 408
36 409
36 409
37 410
37 410
37 38
37 38
37 411
37 411
37 412
37 412
37 413
37 413
37 414
37 414
37 415
37 415
37 407
37 407
37 416
37 416
38 42
38 42
38 417
38 417
38 39
38 39
39 418
39 418
39 419
39 419
39 420
39 420
39 421
39 421
39 422
39 422
39 423
39 423
39 417
39 417
39 40
39 40
39 424
39 424
39 425
39 425
39 415
39 415
39 426
39 426
39 427
39 427
39 428
39 428
39 429
39 429
39 41
39 41
40 430
40 430
40 42
40 42
40 41
40 41
41 418
41 418
41 419
41 419
41 46
41 46
41 42
41 42
41 417
41 417
41 427
41 427
41 429
41 429
42 431
42 431
42 432
42 432
42 433
42 433
42 420
42 420
42 430
42 430
42 43
42 43
42 434
42 434
42 435
42 435
42 436
42 436
42 437
42 437
42 438
42 438
42 439
42 439
42 440
42 440
42 441
42 441
42 442
42 442
42 443
42 443
42 444
42 444
42 445
42 445
42 446
42 446
42 447
42 447
42 424
42 424
42 425
42 425
42 415
42 415
42 448
42 448
42 449
42 449
42 121
42 121
42 450
42 450
42 451
42 451
42 452
42 452
42 453
42 453
42 427
42 427
42 454
42 454
42 455
42 455
42 456
42 456
43 457
43 457
43 44
43 44
44 46
44 46
44 458
44 458
44 45
44 45
44 459
44 459
44 48
44 48
44 460
44 460
44 461
44 461
44 55
44 55
44 462
44 462
45 463
45 463
45 464
45 464
45 465
45 465
45 466
45 466
46 50
46 50
46 52
46 52
46 467
46 467
46 468
46 468
46 53
46 53
46 469
46 469
46 47
46 47
46 49
46 49
46 51
46 51
46 54
46 54
47 50
47 50
47 467
47 467
47 468
47 468
47 49
47 49
47 48
47 48
48 56
48 56
48 467
48 467
48 468
48 468
48 49
48 49
48 470
48 470
48 54
48 54
49 471
49 471
49 472
49 472
49 50
49 50
49 52
49 52
49 51
49 51
50 467
50 467
50 51
50 51
51 52
51 52
51 470
51 470
51 54
51 54
52 470
52 470
52 54
52 54
53 473
53 473
53 56
53 56
53 474
53 474
53 469
53 469
54 475
54 475
54 467
54 467
54 55
54 55
56 476
56 476
56 477
56 477
56 478
56 478
56 57
56 57
56 420
56 420
56 479
56 479
56 59
56 59
57 59
57 59
57 58
57 58
57 480
57 480
58 59
58 59
58 61
58 61
59 481
59 481
59 60
59 60
59 482
59 482
59 65
59 65
59 64
59 64
59 483
59 483
60 63
60 63
60 482
60 482
60 64
60 64
60 61
60 61
60 62
60 62
60 480
60 480
61 482
61 482
62 484
62 484
63 64
63 64
65 481
65 481
65 485
65 485
65 486
65 486
65 487
65 487
65 488
65 488
65 489
65 489
65 490
65 490
65 491
65 491
65 66
65 66
66 489
66 489
66 67
66 67
67 492
67 492
67 69
67 69
67 493
67 493
67 77
67 77
67 494
67 494
67 72
67 72
67 68
67 68
67 495
67 495
67 496
67 496
67 497
67 497
68 498
68 498
68 72
68 72
68 496
68 496
68 497
68 497
68 491
68 491
69 70
69 70
69 493
69 493
69 71
69 71
70 499
70 499
70 494
70 494
70 500
70 500
70 72
70 72
70 71
70 71
71 501
71 501
71 502
71 502
71 491
71 491
71 503
71 503
72 499
72 499
72 504
72 504
72 505
72 505
72 496
72 496
72 497
72 497
72 491
72 491
72 506
72 506
73 485
73 485
73 489
73 489
73 507
73 507
73 508
73 508
74 75
74 75
74 76
74 76
75 77
75 77
75 76
75 76
76 77
76 77
77 78
77 78
77 509
77 509
77 510
77 510
77 511
77 511
77 492
77 492
77 512
77 512
77 513
77 513
77 514
77 514
77 92
77 92
77 515
77 515
77 516
77 516
77 494
77 494
77 517
77 517
77 518
77 518
77 398
77 398
77 519
77 519
77 399
77 399
77 520
77 520
77 521
77 521
77 522
77 522
77 400
77 400
77 500
77 500
77 523
77 523
77 524
77 524
77 484
77 484
77 405
77 405
77 525
77 525
77 526
77 526
77 527
77 527
77 528
77 528
77 529
77 529
77 530
77 530
77 487
77 487
77 531
77 531
77 82
77 82
77 451
77 451
77 532
77 532
77 533
77 533
77 534
77 534
78 79
78 79
78 80
78 80
78 245
78 245
79 535
79 535
79 536
79 536
80 537
80 537
80 81
80 81
80 384
80 384
81 538
81 538
81 539
81 539
81 279
81 279
81 540
81 540
81 541
81 541
81 542
81 542
81 543
81 543
81 343
81 343
81 544
81 544
81 545
81 545
81 546
81 546
81 547
81 547
81 548
81 548
81 549
81 549
81 550
81 550
81 140
81 140
81 551
81 551
81 552
81 552
81 83
81 83
81 553
81 553
81 498
81 498
81 554
81 554
81 555
81 555
81 556
81 556
81 557
81 557
81 536
81 536
81 558
81 558
81 559
81 559
81 560
81 560
81 371
81 371
81 372
81 372
81 561
81 561
81 562
81 562
81 563
81 563
81 564
81 564
81 565
81 565
81 566
81 566
81 500
81 500
81 523
81 523
81 567
81 567
81 568
81 568
81 569
81 569
81 570
81 570
81 571
81 571
81 572
81 572
81 573
81 573
81 574
81 574
81 575
81 575
81 576
81 576
81 384
81 384
81 577
81 577
81 578
81 578
81 579
81 579
81 580
81 580
81 581
81 581
81 582
81 582
81 583
81 583
81 584
81 584
81 585
81 585
81 586
81 586
81 587
81 587
81 531
81 531
81 588
81 588
81 589
81 589
81 590
81 590
81 591
81 591
81 82
81 82
81 387
81 387
81 592
81 592
81 593
81 593
81 594
81 594
81 595
81 595
81 596
81 596
81 597
81 597
81 204
81 204
81 598
81 598
81 599
81 599
82 550
82 550
82 83
82 83
82 553
82 553
82 600
82 600
82 387
82 387
82 592
82 592
82 593
82 593
83 84
83 84
83 593
83 593
84 601
84 601
84 602
84 602
84 603
84 603
84 95
84 95
84 91
84 91
84 90
84 90
84 86
84 86
84 85
84 85
84 96
84 96
86 87
86 87
87 604
87 604
87 603
87 603
87 605
87 605
87 88
87 88
87 606
87 606
87 89
87 89
87 90
87 90
91 397
91 397
91 607
91 607
91 608
91 608
91 93
91 93
91 609
91 609
91 92
91 92
92 610
92 610
92 611
92 611
92 612
92 612
93 94
93 94
95 601
95 601
96 613
96 613
96 614
96 614
96 615
96 615
96 616
96 616
96 617
96 617
96 618
96 618
96 619
96 619
96 97
96 97
97 98
97 98
97 620
97 620
97 621
97 621
97 622
97 622
97 623
97 623
97 624
97 624
97 625
97 625
98 151
98 151
98 99
98 99
98 626
98 626
98 627
98 627
98 628
98 628
99 123
99 123
99 241
99 241
99 629
99 629
99 184
99 184
99 630
99 630
100 688
100 548
101 359
101 775
102 366
102 496
102 537
102 266
102 266
102 366
102 266
102 266
102 395
102 844
102 844
102 395
102 844
102 273
103 269
103 394
103 248
103 616
104 852
104 611
104 219
104 284
104 368
104 638
105 749
105 614
107 411
107 522
108 278
108 352
108 398
108 398
108 499
108 278
108 499
108 377
110 740
110 485
111 904
111 619
111 589
111 216
111 553
111 760
111 258
111 347
112 514
112 679
112 514
112 418
112 514
112 418
112 514
112 418
116 450
116 597
116 121
116 591
117 736
117 433
118 884
118 800
118 312
118 473
118 542
118 895
119 347
119 473
119 148
119 473
119 245
119 202
119 245
119 342
119 482
119 548
119 473
119 230
119 557
119 422
119 185
119 387
119 279
119 458
119 344
119 266
119 211
119 261
120 713
120 734
120 829
120 830
120 903
120 779
120 136
120 535
120 121
120 496
120 907
120 596
120 706
120 167
121 323
121 535
121 167
121 136
123 789
123 219
123 629
123 630
125 577
125 444
126 686
126 460
127 796
127 156
127 168
127 129
128 428
128 501
128 185
128 507
128 424
128 185
129 151
129 179
129 166
129 164
129 191
129 464
129 143
129 206
129 194
129 873
129 489
129 163
129 208
129 646
129 693
129 266
129 642
130 169
130 185
130 185
130 185
130 604
130 289
131 238
131 471
133 468
133 522
135 329
135 478
139 435
139 455
140 467
140 312
141 185
141 185
141 791
141 363
141 381
141 339
143 257
143 925
143 289
143 363
143 252
144 848
144 578
146 346
146 662
146 346
146 693
146 507
146 146
146 146
146 428
146 428
146 428
146 307
146 492
146 889
146 662
146 546
146 485
146 592
146 537
146 899
146 313
147 172
147 694
148 166
148 397
148 166
148 164
148 635
148 206
148 164
148 496
148 154
148 166
148 635
148 164
148 206
148 206
148 402
148 512
148 528
149 757
149 740
150 560
150 482
151 179
154 675
154 653
154 159
155 185
155 185
155 681
155 312
155 363
155 499
156 202
156 202
156 437
156 646
156 437
156 693
156 693
156 646
156 693
156 294
156 646
156 693
156 646
156 646
156 512
156 693
156 298
159 607
160 326
160 253
162 359
162 363
162 340
162 427
162 278
162 322
162 393
162 543
162 447
162 252
162 548
162 281
163 731
163 428
163 499
163 363
163 289
164 166
164 499
166 206
168 435
169 185
169 185
169 569
169 185
169 289
171 265
171 389
172 256
172 185
172 194
173 305
173 460
174 433
174 329
178 428
178 239
178 239
178 249
178 239
178 339
179 228
179 605
181 359
181 518
185 464
185 294
185 396
185 424
186 383
186 444
186 307
186 496
186 704
186 383
186 740
186 312
186 442
186 719
189 381
189 473
189 509
189 260
189 260
189 252
189 363
189 499
189 249
189 289
189 383
189 889
190 657
190 811
191 915
191 689
191 200
193 833
193 443
194 835
194 422
196 359
196 422
196 347
196 473
196 252
196 482
196 473
196 340
196 322
196 548
196 424
196 279
196 260
196 340
196 424
196 266
198 359
198 284
199 454
199 329
200 314
201 792
201 231
202 700
202 851
202 717
202 691
202 800
202 641
202 583
202 561
202 623
202 290
202 353
206 548
208 473
208 219
208 393
208 457
208 548
208 322
208 340
209 565
209 543
210 810
210 900
211 447
211 508
211 485
211 485
211 214
211 543
211 320
211 485
211 344
211 538
211 320
211 642
211 364
211 538
211 447
212 765
212 363
213 723
213 261
213 264
213 474
213 264
213 261
213 474
213 474
213 249
213 264
214 485
214 485
214 499
214 921
214 507
215 758
215 833
216 739
216 918
216 468
216 468
216 525
216 343
216 694
219 740
219 740
219 686
219 704
219 704
219 383
219 740
221 449
221 363
221 505
221 375
222 239
222 239
222 239
222 249
222 249
222 656
223 404
223 341
226 242
226 606
226 601
226 595
227 850
227 793
228 240
229 265
229 782
230 696
230 661
230 750
230 802
230 421
230 243
230 364
230 600
230 582
231 633
231 847
231 428
231 765
231 424
232 854
232 381
232 522
232 445
234 722
234 488
234 312
234 900
234 837
234 815
236 288
236 288
236 911
236 288
236 911
236 911
236 288
236 911
236 911
236 288
238 725
238 427
238 768
238 853
238 284
238 871
238 879
239 249
239 249
239 680
239 437
239 249
239 249
239 680
239 261
239 323
239 680
239 261
239 432
240 677
240 831
240 791
240 738
240 860
240 476
240 488
240 563
240 605
240 468
240 628
240 746
240 468
241 629
241 630
242 399
243 359
243 364
243 364
243 421
243 364
243 582
243 262
245 496
245 704
245 393
245 828
245 340
245 340
248 775
249 680
249 899
249 680
249 464
249 321
250 296
250 796
251 498
251 555
252 321
252 437
252 858
252 872
252 496
252 253
252 318
252 253
252 364
252 321
252 678
252 444
252 512
252 795
253 563
255 416
255 682
256 863
256 273
256 366
257 419
258 435
260 558
260 357
260 828
260 828
260 558
260 558
260 526
260 432
260 828
260 464
260 533
260 364
260 828
260 357
260 833
261 264
261 264
261 474
261 723
261 723
261 264
261 339
261 723
261 723
261 581
261 264
262 426
264 474
264 723
264 344
264 723
264 339
264 474
264 723
264 323
264 509
265 647
265 583
266 432
266 395
266 844
266 537
266 395
266 844
266 395
266 844
266 844
266 395
266 528
267 838
267 452
268 643
268 610
268 284
268 766
268 422
268 588
268 622
268 744
269 516
271 589
271 914
271 567
271 272
272 664
272 572
272 359
273 715
273 427
273 422
273 366
273 366
273 557
274 516
274 454
275 836
275 836
275 392
275 392
275 836
275 392
275 836
275 392
275 836
275 836
277 655
277 422
278 352
278 352
278 499
278 751
278 899
278 398
278 499
278 398
278 751
278 429
278 751
278 398
278 558
279 544
279 554
279 554
279 309
279 609
279 463
279 544
279 554
279 374
279 533
279 432
279 307
280 399
280 397
281 347
281 864
281 770
281 815
281 634
281 377
281 777
282 721
282 474
283 609
283 905
283 820
283 857
284 918
284 457
284 704
284 452
284 343
284 593
288 911
288 458
288 458
289 558
289 321
289 407
289 404
289 432
289 437
289 464
289 398
289 437
289 558
289 545
289 490
289 517
290 665
291 677
291 624
291 720
291 540
292 644
292 359
293 498
293 555
294 468
294 444
294 397
294 525
294 402
294 407
294 454
294 397
295 695
295 359
296 378
296 744
296 577
298 408
299 336
299 705
305 755
305 382
305 553
305 340
305 325
305 528
305 418
307 748
307 548
307 666
308 918
308 502
309 521
310 352
310 428
311 912
311 669
312 557
312 429
312 346
312 492
312 507
312 463
312 645
312 507
312 873
312 492
312 662
312 889
312 662
313 899
313 352
313 352
314 449
318 771
318 507
318 339
320 359
320 543
320 447
320 447
320 686
320 811
320 344
320 647
320 344
320 447
321 719
321 424
321 442
321 719
322 397
322 735
322 635
322 402
322 402
322 397
322 635
322 506
322 397
322 366
322 506
323 553
323 458
323 496
323 457
323 811
324 643
324 739
324 892
324 499
325 396
326 414
326 602
326 570
328 808
328 428
328 428
328 359
328 381
328 533
329 587
331 471
331 794
333 434
333 780
334 437
334 431
336 573
336 568
336 902
339 473
339 494
339 686
339 686
339 474
339 686
339 499
340 468
340 468
340 509
340 509
340 533
340 468
340 468
340 364
340 396
341 882
341 819
341 692
341 659
341 851
341 818
341 599
341 540
341 352
341 687
341 496
342 862
342 849
342 817
342 718
342 521
342 468
342 788
342 853
342 631
342 901
342 398
343 685
343 462
343 690
343 405
344 447
344 447
344 509
344 509
344 509
344 447
344 509
344 509
344 509
344 509
344 509
346 696
346 772
346 809
347 468
347 510
347 470
347 507
351 785
351 702
352 899
352 751
352 899
352 528
352 751
352 751
352 899
352 751
352 396
352 528
352 363
353 894
355 617
355 384
357 792
357 828
359 663
359 803
359 634
359 821
359 869
359 675
359 904
359 423
359 401
359 556
359 496
359 457
359 843
359 824
359 896
359 816
359 359
359 359
359 359
359 359
359 359
359 359
359 873
362 890
362 381
363 375
363 623
363 468
363 654
363 489
363 375
363 411
363 662
363 903
364 473
364 473
364 424
364 548
366 899
366 537
366 773
366 889
366 844
366 416
366 889
366 889
366 386
366 437
366 537
366 537
368 775
371 923
371 823
371 683
371 610
371 387
371 615
371 387
371 387
371 592
371 668
371 387
371 387
374 628
374 544
374 434
375 392
377 694
377 811
377 464
377 444
377 645
377 686
377 694
377 739
378 506
379 442
379 719
379 442
379 442
379 719
379 719
379 719
379 528
379 442
379 719
381 432
381 496
381 528
381 386
381 437
381 386
381 386
381 445
381 490
381 558
381 492
381 496
381 432
382 733
383 803
383 432
383 806
383 424
384 908
384 897
384 660
385 611
385 597
385 576
385 559
386 866
386 738
386 763
386 845
386 627
386 439
386 509
386 393
386 393
386 678
387 432
387 592
387 545
387 544
387 593
387 545
387 554
387 545
388 457
388 918
389 740
391 684
391 502
392 836
392 405
392 405
393 732
393 925
393 533
394 498
396 709
396 781
397 397
397 397
397 506
397 533
397 635
397 402
397 533
398 548
398 496
398 473
399 711
399 822
399 714
399 667
399 724
399 913
399 789
399 906
399 847
399 684
399 730
399 658
399 841
399 783
399 665
399 885
399 770
399 888
399 571
399 436
399 539
399 564
399 586
399 581
401 407
402 432
404 757
404 922
405 452
405 918
405 836
405 836
405 836
407 895
408 599
408 704
408 564
411 625
411 615
412 590
412 788
412 412
412 412
413 855
413 811
414 727
416 889
416 607
417 749
417 867
418 679
418 679
418 490
418 679
419 462
422 509
422 509
422 468
422 775
423 548
424 467
424 528
424 468
424 496
424 480
424 642
424 528
424 467
426 632
426 810
426 578
426 699
426 746
426 464
426 463
427 496
427 613
427 811
428 635
428 635
428 490
428 518
428 873
428 775
428 518
428 463
428 517
428 833
429 877
429 499
431 556
432 468
432 458
433 726
433 445
435 455
436 775
437 740
437 694
437 694
439 672
442 719
442 455
443 612
444 782
444 636
444 754
445 452
446 891
446 498
447 509
447 509
447 509
447 509
447 509
447 509
447 485
448 831
448 659
448 584
448 710
448 670
448 731
450 585
452 557
452 602
452 776
452 681
454 865
454 856
454 747
454 710
454 528
455 719
457 741
457 785
457 580
458 614
458 911
458 911
458 911
458 911
459 872
459 525
460 893
460 724
460 640
460 859
460 790
460 897
460 753
460 748
460 774
460 883
460 898
460 725
460 764
460 874
460 718
460 835
460 707
460 875
460 864
460 871
460 683
460 636
460 882
460 576
460 617
460 624
463 464
463 600
464 548
464 499
464 592
464 485
467 470
468 473
468 473
470 912
470 654
471 472
471 795
472 595
473 490
473 645
473 645
473 528
475 777
475 626
476 498
478 505
478 479
478 479
480 682
482 741
482 923
482 917
482 572
482 496
482 834
482 483
483 893
484 769
484 526
485 508
485 508
485 642
485 538
485 508
485 508
485 508
486 881
486 502
490 758
494 826
494 877
494 557
496 516
496 557
496 533
497 671
497 742
498 779
498 807
498 886
498 548
498 690
498 555
498 555
499 533
499 751
499 739
501 734
502 754
502 689
502 688
502 762
502 778
502 655
502 870
502 856
502 747
502 801
502 697
502 858
502 832
502 671
502 717
502 821
502 640
502 804
502 786
502 742
502 625
502 627
502 579
502 588
502 559
504 743
504 651
506 551
506 652
507 517
507 680
507 512
507 507
507 507
507 833
507 646
507 560
507 680
507 512
507 642
507 538
507 680
509 553
510 842
510 668
510 850
510 558
510 515
512 790
514 679
514 679
514 679
514 679
514 679
514 679
515 638
515 621
515 598
515 574
515 558
515 558
515 558
516 631
516 826
516 697
516 885
516 756
516 819
516 674
516 909
516 818
516 834
516 562
517 887
517 797
517 604
518 737
518 879
518 566
522 525
525 813
525 894
525 910
525 703
526 867
526 828
527 901
527 811
528 915
533 543
533 543
533 811
538 543
538 759
539 881
542 873
543 869
545 761
545 593
546 548
546 555
546 548
546 548
546 807
548 873
548 555
548 555
551 644
553 694
553 704
553 645
553 694
555 784
557 704
557 616
557 704
557 739
558 889
561 767
562 798
565 729
566 637
567 805
568 814
569 707
570 846
571 764
573 648
574 884
575 799
575 902
579 873
580 780
584 833
585 739
586 813
587 797
590 906
591 880
593 618
594 650
594 908
596 701
598 859
601 613
606 705
608 753
608 918
612 637
618 673
619 820
620 691
620 674
621 767
622 686
626 645
632 806
633 823
635 787
639 700
639 874
641 878
642 653
642 663
642 827
645 817
645 842
646 693
648 703
649 685
649 712
650 891
651 888
652 708
656 827
657 833
658 914
660 715
661 735
662 875
662 720
662 784
664 873
666 886
667 920
669 737
670 870
672 739
673 702
676 840
676 793
686 890
686 801
687 762
692 918
694 812
694 709
695 794
698 739
698 776
699 898
701 866
704 781
706 916
708 712
711 760
713 918
714 805
716 919
716 924
722 812
726 854
727 917
728 808
728 868
730 828
732 822
733 756
736 811
739 865
739 910
740 921
740 876
743 787
745 909
750 876
752 883
755 907
759 840
761 839
763 857
766 924
769 825
771 852
772 862
773 920
774 841
775 830
775 892
778 913
783 804
786 811
798 918
802 838
809 832
825 829
833 863
837 922
845 918
846 855
849 916
860 880
861 868
878 887
905 919
